1602872965 288617
1602966673 288853
1603137283 288903
1604304155 289314
1604305755 542716
1604305894 542710
1604353790 542746
1604409118 542819
1604409490 542819
1604410266 542826
1604410496 542801
1604748186 543743
1604748210 544077
1604748262 544100
1604756119 544100
1604770965 544494
1604889690 545164
1604889720 545171
1604890038 545171
1604890155 545168
1604974975 545192
1605045871 545423
1605093229 545423
1605094140 545457
1605094416 545457
1605095310 545465
1605103310 545529
1605103393 545549
1605103464 545637
1605202108 545659
1605231115 545936
1605270689 546026
1605379251 546073
1605379296 546077
1605391274 546139
1605391339 546248
1605531219 546286
1605538860 546348
1605542414 546535
1605542507 546603
1605542519 546610
1605558762 546709
1605578084 546852
1605611046 546852
1605611282 546852
1605613636 546852
1605613847 546844
1605613960 546844
1605614771 546846
1605618799 546848
